159,3171	914
160,2167	913
161,1161	907
162,0154	898
162,9145	897
163,8134	905
164,7122	896
165,6108	905
166,5093	907
167,4076	889
168,3057	899
169,2037	891
170,1015	882
170,9992	879
171,8967	879
172,794	879
173,6912	874
174,5882	883
175,485	873
176,3817	878
177,2782	873
178,1746	897
179,0708	863
179,9668	865
180,8627	866
181,7584	874
182,6539	865
183,5493	860
184,4446	871
185,3396	867
186,2345	860
187,1293	866
188,0239	855
188,9183	872
189,8126	866
190,7067	852
191,6006	844
192,4944	845
193,388	858
194,2815	847
195,1748	865
196,0679	857
196,9609	855
197,8537	851
198,7464	856
199,6389	853
200,5312	848
201,4234	839
202,3154	840
203,2073	852
204,099	835
204,9905	845
205,8819	848
206,7731	850
207,6641	840
208,555	844
209,4458	847
210,3363	837
211,2268	847
212,117	845
213,0071	839
213,897	858
214,7868	830
215,6764	864
216,5659	854
217,4552	853
218,3443	866
219,2333	875
220,1221	870
221,0108	867
221,8992	886
222,7876	892
223,6758	896
224,5638	895
225,4516	918
226,3393	912
227,2269	928
228,1143	945
229,0015	945
229,8885	947
230,7754	944
231,6622	939
232,5488	956
233,4352	954
234,3214	955
235,2076	954
236,0935	964
236,9793	980
237,8649	964
238,7504	975
239,6357	956
240,5208	969
241,4058	970
242,2906	966
243,1753	957
244,0598	967
244,9442	973
245,8284	967
246,7124	976
247,5963	973
248,48	977
249,3636	973
250,247	967
251,1302	977
252,0133	971
252,8963	990
253,779	989
254,6616	983
255,5441	994
256,4264	986
257,3085	983
258,1905	994
259,0723	1001
259,954	1014
260,8355	1001
261,7168	1013
262,598	1014
263,479	1017
264,3599	1010
265,2406	1015
266,1212	1016
267,0016	1023
267,8818	1048
268,7619	1023
269,6418	1018
270,5216	1031
271,4012	1028
272,2806	1048
273,1599	1062
274,0391	1050
274,9181	1060
275,7969	1057
276,6755	1062
277,554	1052
278,4324	1064
279,3106	1084
280,1886	1086
281,0665	1079
281,9442	1088
282,8217	1098
283,6992	1085
284,5764	1108
285,4535	1105
286,3304	1101
287,2072	1118
288,0838	1123
288,9602	1125
289,8365	1137
290,7127	1137
291,5887	1143
292,4645	1164
293,3402	1172
294,2157	1179
295,0911	1173
295,9662	1194
296,8413	1219
297,7162	1228
298,5909	1240
299,4655	1243
300,3399	1264
301,2142	1269
302,0883	1279
302,9622	1251
303,836	1234
304,7097	1222
305,5831	1220
306,4565	1215
307,3296	1187
308,2026	1181
309,0755	1174
309,9482	1156
310,8207	1158
311,6931	1133
312,5653	1140
313,4374	1124
314,3093	1110
315,1811	1120
316,0527	1112
316,9241	1093
317,7954	1113
318,6665	1101
319,5375	1092
320,4084	1073
321,279	1080
322,1495	1076
323,0199	1089
323,8901	1077
324,7601	1071
325,63	1067
326,4998	1067
327,3693	1055
328,2387	1063
329,108	1046
329,9771	1057
330,8461	1035
331,7149	1040
332,5835	1041
333,452	1041
334,3203	1051
335,1885	1025
336,0565	1026
336,9244	1046
337,7921	1016
338,6596	999
339,527	1018
340,3943	1017
341,2614	1014
342,1283	998
342,9951	1007
343,8617	1016
344,7282	1003
345,5945	1007
346,4607	1011
347,3267	1002
348,1925	1005
349,0582	998
349,9237	1016
350,7891	1002
351,6544	992
352,5194	984
353,3843	989
354,2491	986
355,1137	990
355,9782	972
356,8425	973
357,7066	994
358,5706	981
359,4344	993
360,2981	971
361,1617	973
362,025	975
362,8882	976
363,7513	964
364,6142	970
365,477	966
366,3396	977
367,202	974
368,0643	975
368,9265	969
369,7885	954
370,6503	959
371,512	961
372,3735	971
373,2349	967
374,0961	954
374,9571	956
375,8181	960
376,6788	952
377,5394	958
378,3998	945
379,2601	965
380,1203	940
380,9803	963
381,8401	948
382,6998	955
383,5593	951
384,4187	971
385,2779	948
386,1369	949
386,9958	952
387,8546	937
388,7132	940
389,5717	945
390,43	942
391,2881	937
392,1461	944
393,0039	931
393,8616	944
394,7191	951
395,5765	948
396,4337	937
397,2908	945
398,1477	949
399,0045	933
399,8611	943
400,7176	951
401,5739	955
402,43	945
403,286	950
404,1418	943
404,9976	935
405,8531	951
406,7085	942
407,5637	961
408,4188	951
409,2737	969
410,1285	957
410,9831	959
411,8376	941
412,6919	977
413,5461	964
414,4001	954
415,254	975
416,1077	961
416,9612	964
417,8146	970
418,6679	975
419,521	980
420,3739	984
421,2267	1000
422,0794	971
422,9319	983
423,7842	979
424,6364	983
425,4884	998
426,3403	1003
427,192	1004
428,0436	998
428,8951	1005
429,7463	994
430,5974	1016
431,4484	996
432,2992	1007
433,1499	981
434,0004	997
434,8508	988
435,701	988
436,5511	995
437,4009	975
438,2507	988
439,1003	991
439,9498	1006
440,7991	990
441,6482	996
442,4972	986
443,3461	1000
444,1948	996
445,0433	1006
445,8917	1000
446,74	999
447,588	987
448,436	1005
449,2838	1000
450,1314	1007
450,9789	1011
451,8262	994
452,6734	1020
453,5204	1025
454,3673	1022
455,2141	1019
456,0606	1035
456,9071	1025
457,7534	1032
458,5995	1033
459,4455	1051
460,2913	1064
461,137	1059
461,9825	1073
462,8279	1089
463,6731	1087
464,5182	1085
465,3631	1109
466,2079	1112
467,0525	1118
467,8969	1144
468,7413	1140
469,5854	1144
470,4294	1147
471,2733	1171
472,117	1165
472,9606	1186
473,804	1185
474,6473	1201
475,4904	1214
476,3334	1218
477,1762	1227
478,0189	1266
478,8614	1264
479,7037	1283
480,546	1293
481,388	1311
482,2299	1332
483,0717	1346
483,9133	1358
484,7548	1410
485,5961	1426
486,4373	1443
487,2783	1451
488,1192	1504
488,9599	1532
489,8004	1581
490,6409	1604
491,4811	1607
492,3213	1656
493,1612	1686
494,001	1739
494,8407	1779
495,6802	1835
496,5196	1913
497,3588	1974
498,1979	2072
499,0368	2160
499,8756	2297
500,7142	2444
501,5527	2620
502,391	2812
503,2292	3081
504,0672	3349
504,9051	3807
505,7428	4243
506,5804	4884
507,4178	5640
508,2551	6527
509,0923	7545
509,9292	8646
510,7661	9696
511,6028	10469
512,4393	11012
513,2757	11075
514,1119	10861
514,948	10256
515,7839	9347
516,6198	8216
517,4554	7047
518,2909	5880
519,1262	4879
519,9614	4038
520,7965	3357
521,6314	2871
522,4661	2490
523,3007	2266
524,1352	2008
524,9695	1825
525,8036	1692
526,6377	1560
527,4716	1487
528,3052	1404
529,1388	1327
529,9722	1285
530,8055	1237
531,6386	1171
532,4716	1133
533,3044	1089
534,1371	1070
534,9696	1052
535,802	1012
536,6342	999
537,4663	985
538,2982	946
539,13	924
539,9617	918
540,7932	909
541,6245	888
542,4557	881
543,2867	856
544,1177	850
544,9484	843
545,779	828
546,6095	820
547,4398	811
548,27	797
549,1	801
549,9298	789
550,7595	781
551,5891	771
552,4185	770
553,2478	763
554,077	758
554,9059	759
555,7348	760
556,5635	738
557,392	743
558,2204	743
559,0486	732
559,8768	728
560,7047	731
561,5325	726
562,3602	720
563,1877	716
564,015	714
564,8422	704
565,6693	714
566,4962	701
567,323	712
568,1497	712
568,9761	704
569,8025	705
570,6287	692
571,4547	701
572,2806	700
573,1063	700
573,9319	708
574,7574	703
575,5827	710
576,4078	704
577,2329	691
578,0577	705
578,8824	693
579,707	701
580,5315	694
581,3558	696
582,1799	687
583,0039	696
583,8278	698
584,6514	694
585,475	703
586,2984	706
587,1216	706
587,9448	703
588,7677	709
589,5905	698
590,4132	707
591,2357	711
592,0581	710
592,8804	718
593,7025	705
594,5244	709
595,3462	712
596,1678	713
596,9894	724
597,8107	720
598,632	726
599,453	731
600,2739	737
601,0947	730
601,9153	730
602,7358	739
603,5562	734
604,3763	740
605,1964	738
606,0163	748
606,8361	732
607,6557	751
608,4752	748
609,2945	754
610,1136	742
610,9327	731
611,7516	746
612,5703	740
613,3889	738
614,2073	724
615,0257	728
615,8438	723
616,6619	725
617,4797	729
618,2974	729
619,115	716
619,9324	717
620,7498	719
621,5669	721
622,3839	727
623,2007	707
624,0175	713
624,834	710
625,6505	722
626,4667	708
627,2828	716
628,0988	718
628,9147	711
629,7303	709
630,5459	718
631,3613	699
632,1766	709
632,9917	712
633,8067	700
634,6215	704
635,4362	713
636,2507	700
637,0651	710
637,8794	702
638,6935	702
639,5074	699
640,3213	696
641,1349	705
641,9485	705
642,7618	710
643,5751	703
644,3882	707
645,2012	714
646,014	701
646,8267	705
647,6392	704
648,4515	706
649,2638	696
650,0759	704
650,8878	693
651,6996	700
652,5113	702
653,3228	699
654,1342	711
654,9454	698
655,7565	696
656,5674	702
657,3782	695
658,1888	689
658,9993	690
659,8097	694
660,6199	704
661,43	691
662,2399	692
663,0497	697
663,8594	696
664,6689	686
665,4783	688
666,2875	688
667,0966	689
667,9055	688
668,7142	686
669,5229	692
670,3314	687
671,1398	680
671,9479	680
672,756	677
673,564	680
674,3718	682
675,1794	676
675,9869	671
676,7943	677
677,6014	676
678,4085	674
679,2155	667
680,0222	661
680,8289	655
681,6354	664
682,4417	669
683,2479	657
684,054	658
684,8599	657
685,6657	657
686,4714	659
687,2769	664
688,0822	659
688,8875	671
689,6925	653
690,4974	648
691,3022	656
692,1069	657
692,9114	650
693,7157	649
694,52	643
695,324	645
696,1279	653
696,9317	648
697,7354	649
698,5389	641
699,3422	653
700,1454	645
700,9485	643
701,7515	642
702,5543	648
703,3569	638
704,1594	651
704,9618	646
705,764	649
706,5661	647
707,368	643
708,1699	648
708,9715	646
709,773	646
710,5744	647
711,3756	653
712,1767	650
712,9777	643
713,7785	644
714,5792	636
715,3797	644
716,1801	646
716,9803	640
717,7804	640
718,5803	643
719,3802	641
720,1799	640
720,9794	644
721,7787	642
722,578	650
723,3771	646
724,1761	645
724,9749	640
725,7736	644
726,5721	642
727,3705	639
728,1688	644
728,9669	635
729,7649	634
730,5627	643
731,3605	642
732,158	646
732,9554	643
733,7527	642
734,5499	645
735,3468	646
736,1437	644
736,9404	643
737,7369	651
738,5334	656
739,3297	645
740,1259	648
740,9218	639
741,7177	653
742,5134	646
743,309	638
744,1044	655
744,8998	649
745,6949	647
746,4899	645
747,2849	647
748,0796	650
748,8741	649
749,6686	652
750,463	640
751,2571	648
752,0511	645
752,8451	651
753,6388	649
754,4324	648
755,2259	649
756,0193	644
756,8124	673
757,6055	653
758,3984	648
759,1912	645
759,9838	654
760,7764	645
761,5687	654
762,3609	646
763,153	646
763,9449	645
764,7368	660
765,5284	652
766,3199	655
767,1113	645
767,9025	661
768,6936	654
769,4846	645
770,2754	648
771,0661	650
771,8566	658
772,647	652
773,4373	648
774,2274	661
775,0174	662
775,8072	657
776,5969	656
777,3865	651
778,1759	657
778,9652	657
779,7543	654
780,5433	663
781,3322	646
782,1209	659
782,9095	658
783,698	658
784,4863	666
785,2745	653
786,0625	658
786,8503	653
787,6381	668
788,4257	663
789,2132	666
790,0005	669
790,7877	662
791,5748	658
792,3617	672
793,1485	654
793,9351	676
794,7216	664
795,508	667
796,2943	664
797,0803	666
797,8663	663
798,652	669
799,4377	666
800,2233	670
801,0087	664
801,7939	670
802,579	660
803,364	687
804,1488	673
804,9335	669
805,7181	665
806,5025	666
807,2868	665
808,0709	672
808,8549	663
809,6388	666
810,4225	664
811,2061	659
811,9896	675
812,7729	662
813,5561	676
814,3391	667
815,122	671
815,9048	671
816,6874	664
817,4699	675
818,2523	662
819,0345	666
819,8165	666
820,5984	671
821,3802	667
822,1619	664
822,9434	661
823,7249	659
824,506	661
825,2872	663
826,0681	662
826,849	658
827,6297	660
828,4102	666
829,1907	666
829,9709	655
830,7511	660
831,5311	648
832,311	651
833,0907	662
833,8702	654
834,6497	654
835,429	653
836,2083	656
836,9872	662
837,7662	660
838,5449	656
839,3235	661
840,1021	658
840,8804	658
841,6586	662
842,4367	664
843,2147	662
843,9925	652
844,7701	665
845,5477	654
846,3251	661
847,1024	665
847,8795	662
848,6564	668
849,4333	661
850,21	658
850,9866	667
851,763	663
852,5393	665
853,3155	669
854,0915	662
854,8674	665
855,6432	672
856,4188	668
857,1943	668
857,9696	666
858,7448	667
859,5199	672
860,2948	671
861,0696	670
861,8443	671
862,6188	664
863,3932	667
864,1674	673
864,9415	665
865,7155	665
866,4894	674
867,2631	672
868,0367	676
868,8101	674
869,5834	673
870,3566	676
871,1296	666
871,9025	671
872,6752	681
873,4478	682
874,2203	676
874,9927	675
875,7649	670
876,5369	680
877,3089	676
878,0807	678
878,8524	677
879,6238	678
880,3953	676
881,1665	679
881,9376	683
882,7086	679
883,4795	685
884,2502	687
885,0208	681
885,7912	691
886,5615	687
887,3317	682
888,1017	681
888,8716	689
889,6414	700
890,411	699
891,1805	704
891,9498	707
892,7191	703
893,4882	710
894,2571	712
895,0259	705
895,7946	719
896,5632	720
897,3315	722
898,0999	735
898,868	731
899,636	745
900,4039	746
901,1716	746
901,9391	743
902,7067	767
903,474	761
904,2411	775
905,0082	789
905,7751	784
906,5419	801
907,3086	803
908,0751	803
908,8415	817
909,6077	807
910,3738	822
911,1398	833
911,9056	848
912,6714	846
913,437	853
914,2024	858
914,9677	862
915,7328	877
916,4979	867
917,2628	880
918,0276	876
918,7922	888
919,5567	888
920,321	889
921,0853	906
921,8494	894
922,6133	905
923,3771	900
924,1409	895
924,9044	913
925,6678	900
926,4311	904
927,1943	900
927,9573	907
928,7202	902
929,4829	901
930,2455	897
931,008	899
931,7704	896
932,5326	903
933,2947	911
934,0566	907
934,8184	909
935,5801	888
936,3416	907
937,103	895
937,8643	895
938,6255	880
939,3865	897
940,1473	885
940,9081	908
941,6687	887
942,4291	898
943,1895	883
943,9497	910
944,7098	893
945,4697	875
946,2295	894
946,9892	896
947,7487	875
948,5081	878
949,2674	870
950,0266	896
950,7855	880
951,5444	882
952,3032	868
953,0618	858
953,8202	862
954,5786	867
955,3367	857
956,0948	864
956,8528	857
957,6105	847
958,3682	841
959,1257	846
959,8832	826
960,6404	838
961,3976	825
962,1546	818
962,9114	829
963,6682	813
964,4248	806
965,1813	803
965,9376	794
966,6938	785
967,4499	767
968,2058	782
968,9616	761
969,7173	763
970,4728	746
971,2283	750
971,9835	747
972,7386	749
973,4937	742
974,2485	736
975,0033	718
975,7579	731
976,5124	701
977,2667	711
978,0209	711
978,775	704
979,529	703
980,2828	696
981,0365	692
981,79	685
982,5435	682
983,2968	685
984,0499	689
984,8029	669
985,5558	666
986,3085	672
987,0612	671
987,8137	669
988,566	668
989,3183	666
990,0704	652
990,8223	658
991,5742	657
992,3259	650
993,0775	658
993,8289	644
994,5802	648
995,3314	654
996,0824	648
996,8333	639
997,584	633
998,3347	641
999,0852	644
999,8356	628
1000,5859	639
1001,336	631
1002,0859	629
1002,8358	630
1003,5856	633
1004,3351	625
1005,0846	623
1005,8339	620
1006,5831	623
1007,3322	609
1008,0811	619
1008,8299	614
1009,5786	606
1010,3271	619
1011,0755	619
1011,8238	612
1012,572	607
1013,3199	605
1014,0679	611
1014,8156	597
1015,5632	609
1016,3107	597
1017,058	604
1017,8053	596
1018,5524	596
1019,2993	602
1020,0461	599
1020,7928	597
1021,5394	594
1022,2859	597
1023,0322	590
1023,7784	598
1024,5244	592
1025,2703	588
1026,0161	589
1026,7617	595
1027,5073	588
1028,2527	596
1028,9979	591
1029,743	597
1030,488	585
1031,2329	590
1031,9777	586
1032,7223	590
1033,4668	586
1034,2111	589
1034,9553	587
1035,6993	587
1036,4434	591
1037,1871	582
1037,9308	586
1038,6744	587
1039,4178	584
1040,1611	590
1040,9043	590
1041,6473	583
1042,3903	588
1043,1331	584
1043,8757	583
1044,6182	587
1045,3606	576
1046,1029	585
1046,845	582
1047,5869	586
1048,3289	583
1049,0706	584
1049,8121	587
1050,5537	584
1051,295	580
1052,0363	583
1052,7773	586
1053,5183	578
1054,259	577
1054,9998	588
1055,7404	584
1056,4808	576
1057,2211	580
1057,9613	583
1058,7013	582
1059,4413	587
1060,181	575
1060,9207	579
1061,6602	576
1062,3997	571
1063,1389	582
1063,8781	581
1064,6171	581
1065,3558	584
1066,0946	580
1066,8333	579
1067,5718	576
1068,3101	579
1069,0483	581
1069,7865	582
1070,5244	582
1071,2622	583
1072	577
1072,7375	575
1073,475	582
1074,2124	581
1074,9496	573
1075,6866	580
1076,4236	581
1077,1604	576
1077,8971	588
1078,6335	574
1079,37	579
1080,1063	578
1080,8424	578
1081,5785	577
1082,3145	575
1083,0502	576
1083,7858	572
1084,5214	575
1085,2567	575
1085,9919	573
1086,7272	575
1087,4622	568
1088,197	577
1088,9318	580
1089,6664	571
1090,4009	573
1091,1353	576
1091,8694	575
1092,6035	574
1093,3375	576
1094,0713	571
1094,8051	572
1095,5387	569
1096,2721	572
1097,0054	575
1097,7386	567
1098,4717	574
1099,2046	574
1099,9375	577
1100,6702	575
1101,4027	570
1102,1351	574
1102,8674	574
1103,5996	571
1104,3317	573
1105,0636	575
1105,7954	573
1106,527	567
1107,2585	569
1107,99	571
1108,7212	573
1109,4524	567
1110,1833	571
1110,9143	565
1111,645	567
1112,3757	563
1113,1062	569
1113,8365	568
1114,5668	572
1115,297	571
1116,027	564
1116,7568	567
1117,4866	567
1118,2162	575
1118,9457	569
1119,675	571
1120,4042	572
1121,1333	571
1121,8623	564
1122,5912	570
1123,3198	574
1124,0485	575
1124,7769	564
1125,5052	572
1126,2334	565
1126,9615	566
1127,6895	574
1128,4172	564
1129,145	565
1129,8726	567
1130,6	572
1131,3273	569
1132,0544	575
1132,7816	567
1133,5085	567
1134,2354	562
1134,9619	566
1135,6885	569
1136,4149	568
1137,1412	567
1137,8674	565
1138,5935	569
1139,3193	568
1140,0452	559
1140,7708	567
1141,4963	567
1142,2218	563
1142,947	568
1143,6721	577
1144,3972	569
1145,1221	570
1145,8469	567
1146,5715	570
1147,296	568
1148,0204	563
1148,7446	571
1149,4689	569
1150,1929	567
1150,9167	567
1151,6405	565
1152,3641	568
1153,0876	563
1153,8109	565
1154,5342	567
1155,2573	565
1155,9803	569
1156,7032	565
1157,4259	564
1158,1486	561
1158,8711	566
1159,5934	571
1160,3157	561
1161,0377	563
1161,7598	570
1162,4816	571
1163,2034	566
1163,9249	568
1164,6464	566
1165,3678	564
1166,089	566
1166,8101	564
1167,5311	566
1168,252	562
1168,9727	569
1169,6932	567
1170,4137	560
1171,134	560
1171,8542	568
1172,5743	566
1173,2943	564
1174,0142	560
1174,7339	566
1175,4535	563
1176,1729	571
1176,8922	561
1177,6115	565
1178,3306	566
1179,0494	570
1179,7683	572
1180,4871	566
1181,2056	571
1181,9241	559
1182,6423	563
1183,3606	563
1184,0786	567
1184,7966	566
1185,5144	565
1186,2322	575
1186,9497	566
1187,6671	570
1188,3845	563
1189,1017	564
1189,8187	557
1190,5356	567
1191,2526	565
1191,9692	566
1192,6858	573
1193,4022	564
1194,1185	566
1194,8347	565
1195,5508	567
1196,2667	564
1196,9825	567
1197,6982	569
1198,4138	568
1199,1293	566
1199,8446	564
1200,5598	564
1201,2749	559
1201,9897	561
1202,7046	568
1203,4193	560
1204,1339	567
1204,8483	562
1205,5626	561
1206,2769	562
1206,9908	564
1207,7048	561
1208,4187	560
1209,1323	561
1209,8459	566
1210,5593	566
1211,2727	561
1211,9858	565
1212,699	565
1213,4119	561
1214,1248	558
1214,8374	561
1215,5499	567
1216,2625	562
1216,9747	563
1217,6869	569
1218,399	559
1219,111	567
1219,8228	566
1220,5344	562
1221,246	561
1221,9575	562
1222,6688	566
1223,38	563
1224,0911	567
1224,802	565
1225,5128	568
1226,2235	569
1226,9341	565
1227,6447	560
1228,355	567
1229,0652	561
1229,7753	567
1230,4851	558
1231,1949	567
1231,9047	560
1232,6143	570
1233,3237	564
1234,0331	566
1234,7423	563
1235,4514	561
1236,1604	562
1236,8691	563
1237,5779	569
1238,2865	571
1238,995	568
1239,7034	567
1240,4115	569
1241,1196	567
1241,8276	564
1242,5355	573
1243,2432	572
1243,9508	563
1244,6583	572
1245,3656	566
1246,0729	567
1246,7799	569
1247,4869	568
1248,1938	563
1248,9005	570
1249,6072	566
1250,3136	569
1251,02	566
1251,7263	566
1252,4324	564
1253,1384	565
1253,8442	563
1254,55	560
1255,2556	555
1255,9612	563
1256,6665	567
1257,3717	561
1258,0769	564
1258,7819	565
1259,4868	565
1260,1915	565
1260,8962	571
1261,6007	565
1262,3051	563
1263,0094	560
1263,7135	567
1264,4176	565
1265,1215	558
1265,8252	567
1266,5289	566
1267,2324	563
1267,9358	561
1268,6392	562
1269,3423	566
1270,0453	568
1270,7483	568
1271,451	571
1272,1537	565
1272,8562	566
1273,5587	563
1274,261	562
1274,9631	567
1275,6653	564
1276,3672	565
1277,069	562
1277,7706	568
1278,4723	566
1279,1737	557
1279,875	568
1280,5762	566
1281,2772	567
1281,9783	569
1282,6791	565
1283,3798	566
1284,0803	567
1284,7809	563
1285,4812	567
1286,1814	569
1286,8815	556
1287,5814	564
1288,2814	571
1288,9811	559
1289,6807	567
1290,3801	570
1291,0795	570
1291,7788	563
1292,4779	567
1293,1769	568
1293,8757	573
1294,5745	570
1295,2732	567
1295,9717	565
1296,67	567
1297,3683	565
1298,0664	569
1298,7645	563
1299,4624	566
1300,1602	568
1300,8578	572
1301,5553	563
1302,2528	566
1302,9501	568
1303,6472	572
1304,3442	565
1305,0411	566
1305,738	564
1306,4347	565
1307,1312	564
1307,8276	562
1308,524	567
1309,2202	567
1309,9163	567
1310,6122	564
1311,3081	563
1312,0038	571
1312,6993	561
1313,3948	572
1314,0902	566
1314,7854	565
1315,4805	571
1316,1754	568
1316,8704	563
1317,5651	565
1318,2596	559
1318,9542	563
1319,6486	566
1320,3428	563
1321,037	565
1321,731	568
1322,4248	565
1323,1187	571
1323,8123	564
1324,5057	574
1325,1992	567
1325,8925	569
1326,5856	573
1327,2787	564
1327,9716	563
1328,6644	559
1329,3571	565
1330,0497	564
1330,7421	563
1331,4343	564
1332,1266	574
1332,8186	561
1333,5106	569
1334,2024	570
1334,8942	566
1335,5857	564
1336,2772	568
1336,9685	563
1337,6598	565
1338,351	566
1339,0419	560
1339,7328	565
1340,4235	566
1341,1141	564
1341,8046	570
1342,495	567
1343,1853	562
1343,8754	563
1344,5654	563
1345,2554	567
1345,9451	570
1346,6348	559
1347,3243	569
1348,0138	563
1348,703	566
1349,3922	560
1350,0813	565
1350,7703	564
1351,4591	558
1352,1477	571
1352,8363	560
1353,5248	561
1354,2131	567
1354,9014	571
1355,5895	563
1356,2775	563
1356,9653	561
1357,6531	560
1358,3406	566
1359,0281	568
1359,7155	561
1360,4027	568
1361,09	565
1361,777	570
1362,4639	569
1363,1506	564
1363,8373	560
1364,5238	569
1365,2102	565
1365,8965	579
1366,5826	564
1367,2688	571
1367,9547	569
1368,6405	567
1369,3262	566
1370,0118	569
1370,6973	569
1371,3826	566
1372,0679	563
1372,7529	562
1373,4379	564
1374,1228	564
1374,8075	563
1375,4922	564
1376,1766	561
1376,8611	567
1377,5453	560
1378,2295	568
1378,9135	558
1379,5974	561
1380,2811	566
1380,9648	565
1381,6484	572
1382,3318	563
1383,0151	566
1383,6984	568
1384,3813	567
1385,0643	570
1385,7472	561
1386,4299	563
1387,1125	565
1387,7949	570
1388,4773	566
1389,1595	555
1389,8417	567
1390,5237	562
1391,2056	563
1391,8873	567
1392,569	558
1393,2505	568
1393,9319	570
1394,6132	567
1395,2944	561
1395,9755	569
1396,6564	567
1397,3372	567
1398,0178	564
1398,6985	571
1399,3789	565
1400,0592	565
1400,7395	561
1401,4196	564
1402,0995	568
1402,7794	572
1403,4591	565
1404,1388	566
1404,8182	562
1405,4977	566
1406,1769	566
1406,8561	565
1407,5352	566
1408,214	569
1408,8928	563
1409,5715	569
1410,2501	568
1410,9285	562
1411,6068	563
1412,285	562
1412,9631	565
1413,6411	568
1414,319	558
1414,9967	566
1415,6743	567
1416,3518	564
1417,0292	561
1417,7064	568
1418,3835	561
1419,0605	569
1419,7374	560
1420,4143	567
1421,0909	567
1421,7675	562
1422,444	568
1423,1202	561
1423,7964	569
1424,4725	563
1425,1484	565
1425,8243	573
1426,5	562
1427,1757	561
1427,8511	567
1428,5265	559
1429,2018	562
1429,8768	562
1430,5519	562
1431,2268	562
1431,9016	566
1432,5763	559
1433,2509	563
1433,9253	563
1434,5995	562
1435,2737	566
1435,9479	565
1436,6218	568
1437,2957	558
1437,9694	556
1438,6429	559
1439,3164	565
1439,9899	563
1440,6631	560
1441,3362	561
1442,0093	567
1442,6821	564
1443,3549	565
1444,0276	566
1444,7001	564
1445,3726	559