# Peakfit fitted function data
# Source: E:/VS_CODE/PCM_Fano/10nm_50L_peak.txt
# Parameters:
# iC=171400.0
# iD=100000.0
# ib=6.997263404373758
# ig0=4.5
# iq=51.50252989943741
# ia=0.5431
# iL=5.000775239876671
# N=0.0005248358402419427
# y0=912.5168087271778
#
# iw	y_model	y	residual
349.9237	913.0448442644977	1016.0	102.95515573550233
350.7891	913.0329072491389	1002.0	88.96709275086107
351.6544	913.0211228319241	992.0	78.97887716807588
352.5194	913.0095039329284	984.0	70.9904960670716
353.3843	912.9980586657404	989.0	76.00194133425964
354.2491	912.986798540513	986.0	73.01320145948705
355.1137	912.9757370400282	990.0	77.0242629599718
355.9782	912.9648858221929	972.0	59.035114177807145
356.8425	912.9542598941051	973.0	60.04574010589488
357.7066	912.9438738487772	994.0	81.05612615122277
358.5706	912.9337420712104	981.0	68.06625792878958
359.4344	912.9238823551686	993.0	80.07611764483136
360.2981	912.9143113065533	971.0	58.08568869344674
361.1617	912.9050479495779	973.0	60.09495205042208
362.025	912.8961146805495	975.0	62.103885319450455
362.8882	912.8875311350793	976.0	63.11246886492074
363.7513	912.879320733977	964.0	51.12067926602299
364.6142	912.8715095383678	970.0	57.12849046163217
365.477	912.8641236791638	966.0	53.135876320836246
366.3396	912.857193166108	977.0	64.142806833892
367.202	912.8507494100984	974.0	61.14925058990161
368.0643	912.8448257449846	975.0	62.15517425501537
368.9265	912.8394592209902	969.0	56.16054077900981
369.7885	912.8346906162875	954.0	41.1653093837125
370.6503	912.8305635433793	959.0	46.1694364566207
371.512	912.827125230661	961.0	48.172874769339046
372.3735	912.8244282559414	971.0	58.17557174405863
373.2349	912.8225295257926	967.0	54.17747047420744
374.0961	912.8214921619596	954.0	41.178507838040446
374.9571	912.821385347504	956.0	43.17861465249598
375.8181	912.8222858935322	960.0	47.17771410646776
376.6788	912.824278499035	952.0	39.17572150096498
377.5394	912.8274580195804	958.0	45.17254198041962
378.3998	912.8319296601584	945.0	32.16807033984162
379.2601	912.837812230585	965.0	52.16218776941503
380.1203	912.8452390269142	940.0	27.154760973085786
380.9803	912.8543594138723	963.0	50.14564058612768
381.8401	912.8653434273217	948.0	35.134656572678296
382.6998	912.878386378209	955.0	42.12161362179097
383.5593	912.8937088185476	951.0	38.106291181452434
384.4187	912.9115680255836	971.0	58.08843197441638
385.2779	912.9322574260462	948.0	35.06774257395375
386.1369	912.9561202684953	949.0	36.04387973150472
386.9958	912.983561738614	952.0	39.01643826138604
387.8546	913.0150567221873	937.0	23.984943277812704
388.7132	913.0511643826371	940.0	26.948835617362874
389.5717	913.0925620768453	945.0	31.907437923154703
390.43	913.1400566226042	942.0	28.85994337739578
391.2881	913.1946342871114	937.0	23.8053657128886
392.1461	913.2575144080416	944.0	30.74248559195837
393.0039	913.3301954951306	931.0	17.669804504869376
393.8616	913.414577475983	944.0	30.585422524016963
394.7191	913.5130563615378	951.0	37.48694363846221
395.5765	913.6287475374253	948.0	34.371252462574716
396.4337	913.7657042680295	937.0	23.23429573197052
397.2908	913.929365106957	945.0	31.070634893043007
398.1477	914.1270824320324	949.0	34.87291756796765
399.0045	914.3691237228571	933.0	18.630876277142875
399.8611	914.6700514539281	943.0	28.329948546071932
400.7176	915.0512702473703	951.0	35.948729752629674
401.5739	915.5450083521323	955.0	39.4549916478677
402.43	916.2016183835727	945.0	28.798381616427264
403.286	917.1023595222173	950.0	32.897640477782716
404.1418	918.3806227303694	943.0	24.619377269630604
404.9976	920.2514036495631	935.0	14.748596350436856
405.8531	923.0058468547927	951.0	27.994153145207292
406.7085	926.8206300990386	942.0	15.179369900961433
407.5637	931.3174444333109	961.0	29.682555566689075
408.4188	935.6513126661195	951.0	15.348687333880548
409.2737	939.2555350765853	969.0	29.74446492341474
410.1285	941.9721407857847	957.0	15.027859214215255
410.9831	943.7776249775843	959.0	15.22237502241569
411.8376	944.6715045898376	941.0	-3.671504589837582
412.6919	944.6720861916667	977.0	32.32791380833328
413.5461	943.8314241682972	964.0	20.16857583170281
414.4001	942.2446443140481	954.0	11.75535568595194
415.254	940.051628790856	975.0	34.94837120914406
416.1077	937.4336852122366	961.0	23.566314787763417
416.9612	934.6040729565079	964.0	29.395927043492065
417.8146	931.7953435354904	970.0	38.20465646450964
418.6679	929.2451236720784	975.0	45.75487632792158
419.521	927.1797167389393	980.0	52.820283261060695
420.3739	925.7969921573623	984.0	58.2030078426377
421.2267	925.2514785899047	1000.0	74.74852141009535
422.0794	925.6418783302978	971.0	45.3581216697022
422.9319	927.0011297549296	983.0	55.99887024507041
423.7842	929.2914311753963	979.0	49.70856882460373
424.6364	932.4047289746189	983.0	50.59527102538107
425.4884	936.1668460409951	998.0	61.8331539590049
426.3403	940.3492485008886	1003.0	62.65075149911138
427.192	944.6823760822845	1004.0	59.31762391771554
428.0436	948.8763800547144	998.0	49.123619945285554
428.8951	952.6410174778017	1005.0	52.35898252219829
429.7463	955.7080625990288	994.0	38.291937400971165
430.5974	957.8556532407429	1016.0	58.14434675925713
431.4484	958.9252803759892	996.0	37.074719624010754
432.2992	958.8385287088481	1007.0	48.161471291151884
433.1499	957.607351953673	981.0	23.392648046327054
434.0004	955.337678084701	997.0	41.662321915299
434.8508	952.2250853740928	988.0	35.77491462590717
435.701	948.5445288590809	988.0	39.455471140919144
436.5511	944.6305704075179	995.0	50.369429592482106
437.4009	940.8549981082565	975.0	34.145001891743505
438.2507	937.5944176222425	988.0	50.40558237775747
439.1003	935.2034013199859	991.0	55.796598680014085
439.9498	933.9800383881638	1006.0	72.01996161183615
440.7991	934.1390119959426	990.0	55.86098800405739
441.6482	935.7877317575684	996.0	60.212268242431605
442.4972	938.9118643554574	986.0	47.088135644542604
443.3461	943.3692571611584	1000.0	56.63074283884157
444.1948	948.894290828709	996.0	47.10570917129098
445.0433	955.1154908005358	1006.0	50.88450919946422
445.8917	961.583164949076	1000.0	38.416835050923964
446.74	967.8039174976569	999.0	31.196082502343074
447.588	973.2827583229015	987.0	13.717241677098514
448.436	977.5735361698642	1005.0	27.426463830135845
449.2838	980.3174942855726	1000.0	19.682505714427407
450.1314	981.2877694008195	1007.0	25.712230599180543
450.9789	980.4181836169572	1011.0	30.581816383042792
451.8262	977.8207880570724	994.0	16.179211942927623
452.6734	973.7869592953684	1020.0	46.21304070463157
453.5204	968.7725153663599	1025.0	56.227484633640074
454.3673	963.3623725673502	1022.0	58.637627432649765
455.2141	958.2228126103017	1019.0	60.77718738969827
456.0606	954.0402227924525	1035.0	80.95977720754752
456.9071	951.4486010700074	1025.0	73.55139892999262
457.7534	950.9647395205124	1032.0	81.03526047948765
458.5995	952.9213273782044	1033.0	80.07867262179559
459.4455	957.4194726547813	1051.0	93.58052734521868
460.2913	964.2985225006862	1064.0	99.7014774993138
461.137	973.1352324554049	1059.0	85.86476754459511
461.9825	983.2667346895863	1073.0	89.73326531041369
462.8279	993.8499309276292	1089.0	95.1500690723708
463.6731	1003.9386028363012	1087.0	83.06139716369876
464.5182	1012.5897175068616	1085.0	72.41028249313842
465.3631	1018.970797141855	1109.0	90.02920285814503
466.2079	1022.473978825912	1112.0	89.52602117408799
467.0525	1022.8081885600365	1118.0	95.19181143996354
467.8969	1020.0676083792945	1144.0	123.93239162070552
468.7413	1014.7549577204711	1140.0	125.24504227952889
469.5854	1007.7631106480056	1144.0	136.23688935199436
470.4294	1000.2935084399924	1147.0	146.70649156000763
471.2733	993.735879849751	1171.0	177.26412015024903
472.117	989.5029974012957	1165.0	175.49700259870428
472.9606	988.8410482179958	1186.0	197.15895178200424
473.804	992.6432253561782	1185.0	192.35677464382184
474.6473	1001.2874938077773	1201.0	199.7125061922227
475.4904	1014.5255396913803	1214.0	199.47446030861965
476.3334	1031.4547362702144	1218.0	186.54526372978557
477.1762	1050.5740297081572	1227.0	176.42597029184276
478.0189	1069.9532117992987	1266.0	196.04678820070126
478.8614	1087.4771420718835	1264.0	176.52285792811654
479.7037	1101.1723076068652	1283.0	181.82769239313484
480.546	1109.5512693093442	1293.0	183.4487306906558
481.388	1111.9247883787104	1311.0	199.07521162128955
482.2299	1108.6456941157269	1332.0	223.35430588427312
483.0717	1101.1939250147907	1346.0	244.8060749852093
483.9133	1092.0874063093445	1358.0	265.9125936906555
484.7548	1084.5799122976075	1410.0	325.4200877023925
485.5961	1082.1752616645192	1426.0	343.8247383354808
486.4373	1087.9997340874254	1443.0	355.0002659125746
487.2783	1104.1372278968456	1451.0	346.8627721031544
488.1192	1131.0554076389872	1504.0	372.94459236101284
488.9599	1167.2521155949428	1532.0	364.7478844050572
489.8004	1209.2802444782158	1581.0	371.71975552178424
490.6409	1252.2257674233397	1604.0	351.7742325766603
491.4811	1290.5978301208438	1607.0	316.4021698791562
492.3213	1319.6667876923225	1656.0	336.3332123076775
493.1612	1336.8334144856099	1686.0	349.16658551439014
494.001	1342.8931597894868	1739.0	396.10684021051316
494.8407	1342.6514864183873	1779.0	436.3485135816127
495.6802	1344.6258860762123	1835.0	490.3741139237877
496.5196	1359.5772223867461	1913.0	553.4227776132539
497.3588	1397.946494430328	1974.0	576.0535055696721
498.1979	1466.6752741261275	2072.0	605.3247258738725
499.0368	1566.2536408489684	2160.0	593.7463591510316
499.8756	1689.2886863813546	2297.0	607.7113136186454
500.7142	1821.7014924230193	2444.0	622.2985075769807
501.5527	1947.5013111072776	2620.0	672.4986888927224
502.391	2056.5879914943334	2812.0	755.4120085056666
503.2292	2153.8014118521564	3081.0	927.1985881478436
504.0672	2265.158603772973	3349.0	1083.841396227027
504.9051	2436.659150239497	3807.0	1370.3408497605028
505.7428	2721.887658748479	4243.0	1521.1123412515208
506.5804	3160.368180112455	4884.0	1723.6318198875451
507.4178	3757.645904988956	5640.0	1882.3540950110441
508.2551	4490.199150760889	6527.0	2036.800849239111
509.0923	5358.722684178314	7545.0	2186.277315821686
509.9292	6484.61295303773	8646.0	2161.38704696227
510.7661	8157.006170623755	9696.0	1538.9938293762452
511.6028	10604.219853577224	10469.0	-135.21985357722406
512.4393	13328.92073367652	11012.0	-2316.9207336765194
513.2757	14664.371033655547	11075.0	-3589.371033655547
514.1119	13295.496895919492	10861.0	-2434.496895919492
514.948	10344.054475368703	10256.0	-88.0544753687027
515.7839	7624.337876607816	9347.0	1722.6621233921842
516.6198	5699.942007812379	8216.0	2516.0579921876206
517.4554	4427.287472956417	7047.0	2619.7125270435827
518.2909	3580.491815420303	5880.0	2299.508184579697
519.1262	3000.935898305014	4879.0	1878.0641016949862
519.9614	2591.09149069026	4038.0	1446.90850930974
520.7965	2292.1738265333825	3357.0	1064.8261734666175
521.6314	2068.0926518174288	2871.0	802.9073481825712
522.4661	1896.01190352313	2490.0	593.9880964768699
523.3007	1761.0501696851372	2266.0	504.94983031486277
524.1352	1653.2539054880995	2008.0	354.74609451190054
524.9695	1565.782253685571	1825.0	259.21774631442895
525.8036	1493.8012780124764	1692.0	198.19872198752364
526.6377	1433.8165818511009	1560.0	126.18341814889914
527.4716	1383.2890853490421	1487.0	103.71091465095787
528.3052	1340.3121733677096	1404.0	63.68782663229035
529.1388	1303.4206332328004	1327.0	23.579366767199645
529.9722	1271.5079733720927	1285.0	13.492026627907308
530.8055	1243.6992800888506	1237.0	-6.699280088850628
531.6386	1219.3103213725624	1171.0	-48.310321372562385
532.4716	1197.7894867319828	1133.0	-64.78948673198283
533.3044	1178.6972326817818	1089.0	-89.69723268178177
534.1371	1161.6716936130385	1070.0	-91.67169361303854
534.9696	1146.4200673617495	1052.0	-94.42006736174949
535.802	1132.696830345669	1012.0	-120.69683034566901
536.6342	1120.300799417591	999.0	-121.30079941759095
537.4663	1109.0605032085518	985.0	-124.06050320855184
538.2982	1098.8339737029357	946.0	-152.83397370293574
539.13	1089.4984192932309	924.0	-165.49841929323088
539.9617	1080.9503234917393	918.0	-162.95032349173925
540.7932	1073.1018545470984	909.0	-164.10185454709836
541.6245	1065.8763683480688	888.0	-177.8763683480688
542.4557	1059.2067946634386	881.0	-178.2067946634386
543.2867	1053.036423312463	856.0	-197.03642331246306
544.1177	1047.3136745583606	850.0	-197.31367455836062
544.9484	1041.996679377646	843.0	-198.99667937764593
545.779	1037.0454737713446	828.0	-209.04547377134463
546.6095	1032.426072860842	820.0	-212.42607286084194
547.4398	1028.1089101425832	811.0	-217.10891014258323
548.27	1024.0667324552605	797.0	-227.06673245526054
549.1	1020.2762356127297	801.0	-219.2762356127297
549.9298	1016.7161434079951	789.0	-227.7161434079951
550.7595	1013.3670264874607	781.0	-232.36702648746075
551.5891	1010.2118736660374	771.0	-239.21187366603738
552.4185	1007.2357321292142	770.0	-237.23573212921417
553.2478	1004.4244194331832	763.0	-241.42441943318317
554.077	1001.7654740036162	758.0	-243.7654740036162
554.9059	999.2482024862644	759.0	-240.2482024862644
555.7348	996.861432745236	760.0	-236.86143274523602
556.5635	994.5964361666123	738.0	-256.5964361666123
557.392	992.4446953529477	743.0	-249.44469535294775
558.2204	990.3981982446062	743.0	-247.3981982446062
559.0486	988.4501060298289	732.0	-256.45010602982893
559.8768	986.5934759057532	728.0	-258.59347590575317
560.7047	984.8230292344493	731.0	-253.82302923444934
561.5325	983.132856032279	726.0	-257.13285603227905
562.3602	981.5179409290442	720.0	-261.51794092904424
563.1877	979.9738449921484	716.0	-263.97384499214843
564.015	978.4962804672817	714.0	-264.49628046728174
564.8422	977.0811188743514	704.0	-273.08111887435143
565.6693	975.7247167909343	714.0	-261.7247167909343
566.4962	974.4238528859714	701.0	-273.4238528859714
567.323	973.1752297686244	712.0	-261.1752297686244
568.1497	971.9759406211248	712.0	-259.9759406211248
568.9761	970.8235561612453	704.0	-266.8235561612453
569.8025	969.71513479206	705.0	-264.71513479206
570.6287	968.6486017287544	692.0	-276.64860172875444
571.4547	967.6217567149332	701.0	-266.6217567149332
572.2806	966.6324279893814	700.0	-266.6324279893814
573.1063	965.6788218281143	700.0	-265.67882182811434
573.9319	964.7590323651339	708.0	-256.75903236513386
574.7574	963.8713888701851	703.0	-260.8713888701851
575.5827	963.0144271725457	710.0	-253.01442717254565
576.4078	962.1866674191891	704.0	-258.1866674191891
577.2329	961.3865295061737	691.0	-270.3865295061737
578.0577	960.6130032568055	705.0	-255.61300325680554
578.8824	959.8646725110412	693.0	-266.86467251104125
579.707	959.1403897086245	701.0	-258.1403897086245
580.5315	958.439073620977	694.0	-264.43907362097696
581.3558	957.7597858584198	696.0	-261.75978585841983
582.1799	957.1015569483468	687.0	-270.1015569483468
583.0039	956.4633953646221	696.0	-260.4633953646221
583.8278	955.8444432300289	698.0	-257.8444432300289
584.6514	955.2440329335884	694.0	-261.2440329335884
585.475	954.6611750773469	703.0	-251.6611750773469
586.2984	954.0952847159241	706.0	-248.0952847159241
587.1216	953.5456675408922	706.0	-247.54566754089217
587.9448	953.011537480516	703.0	-250.01153748051604
588.7677	952.49246752162	709.0	-243.49246752162003
589.5905	951.987738712822	698.0	-253.98773871282197
590.4132	951.4967931725309	707.0	-244.49679317253094
591.2357	951.0191579722826	711.0	-240.01915797228264
592.0581	950.5542685845589	710.0	-240.55426858455894
592.8804	950.1016454348292	718.0	-232.10164543482915
593.7025	949.6608848874355	705.0	-244.6608848874355
594.5244	949.2315480221623	709.0	-240.23154802216231
595.3462	948.8131663913911	712.0	-236.81316639139106
596.1678	948.4053941368858	713.0	-235.40539413688577
596.9894	948.0077553463276	724.0	-224.0077553463276
597.8107	947.6200340163759	720.0	-227.62003401637594
598.632	947.2417435806387	726.0	-221.24174358063874
599.453	946.8726928053003	731.0	-215.8726928053003
600.2739	946.5124753123976	737.0	-209.51247531239756
601.0947	946.1607916895725	730.0	-216.16079168957253
601.9153	945.8173968670446	730.0	-215.81739686704464
602.7358	945.481973460852	739.0	-206.48197346085203
603.5562	945.1542591020848	734.0	-211.15425910208478
604.3763	944.8340796770162	740.0	-204.83407967701623
605.1964	944.521075985689	738.0	-206.52107598568898
606.0163	944.2150936446124	748.0	-196.21509364461235
606.8361	943.9158728153266	732.0	-211.91587281532657
607.6557	943.6232365583528	751.0	-192.6232365583528
608.4752	943.3369443287213	748.0	-195.3369443287213
609.2945	943.0568344310494	754.0	-189.05683443104942
610.1136	942.7827169382202	742.0	-200.78271693822023
610.9327	942.5143445683403	731.0	-211.51434456834033
611.7516	942.2516095313058	746.0	-196.2516095313058
612.5703	941.9943431868501	740.0	-201.99434318685007
613.3889	941.742352903233	738.0	-203.74235290323304
614.2073	941.4955143880162	724.0	-217.4955143880162
615.0257	941.2536189691516	728.0	-213.2536189691516
615.8438	941.0166116365853	723.0	-218.01661163658525
616.6619	940.7842670832817	725.0	-215.78426708328175
617.4797	940.5565372284183	729.0	-211.55653722841828
618.2974	940.3332371163146	729.0	-211.33323711631465
619.115	940.114243749238	716.0	-224.11424374923797
619.9324	939.8994645472155	717.0	-222.89946454721553
620.7498	939.6887325649385	719.0	-220.6887325649385
621.5669	939.4820140704816	721.0	-218.48201407048157
622.3839	939.2791505525387	727.0	-212.27915055253868
623.2007	939.0800633837631	707.0	-232.0800633837631
624.0175	938.8846045757846	713.0	-225.88460457578458
624.834	938.6927494276515	710.0	-228.6927494276515
625.6505	938.5043342070625	722.0	-216.50433420706247
626.4667	938.319338061269	708.0	-230.31933806126904
627.2828	938.1376279700637	716.0	-222.1376279700637
628.0988	937.9591203380019	718.0	-219.95912033800187
628.9147	937.7837343101941	711.0	-226.78373431019406
629.7303	937.6114335500051	709.0	-228.61143355000513
630.5459	937.4420784600591	718.0	-219.44207846005907
631.3613	937.2756373454876	699.0	-238.27563734548755
632.1766	937.1120183770975	709.0	-228.11201837709746
632.9917	936.9511724778449	712.0	-224.95117247784492
633.8067	936.7930129415699	700.0	-236.79301294156994
634.6215	936.6374943013833	704.0	-232.6374943013833
635.4362	936.4845346072683	713.0	-223.4845346072683
636.2507	936.3340917144648	700.0	-236.33409171446476
637.0651	936.1860880935684	710.0	-226.1860880935684
637.8794	936.0404669197953	702.0	-234.04046691979534
638.6935	935.89719053759	702.0	-233.89719053758995
639.5074	935.756204656718	699.0	-236.75620465671796
640.3213	935.6174227748629	696.0	-239.61742277486292
641.1349	935.480845330238	705.0	-230.48084533023803
641.9485	935.3463727253501	705.0	-230.34637272535008
642.7618	935.2140067568362	710.0	-225.21400675683617
643.5751	935.0836521866582	703.0	-232.08365218665824
644.3882	934.955296367514	707.0	-227.95529636751405
645.2012	934.828879724731	714.0	-220.828879724731
646.014	934.7043752681353	701.0	-233.70437526813532
646.8267	934.581726339208	705.0	-229.581726339208
647.6392	934.460907853149	704.0	-230.46090785314902
648.4515	934.3418804278542	706.0	-228.34188042785422
649.2638	934.224577105367	696.0	-238.22457710536696
650.0759	934.1089901545172	704.0	-230.1089901545172
650.8878	933.9950833471404	693.0	-240.9950833471404
651.6996	933.8828077130182	700.0	-233.88280771301822
652.5113	933.7721295505004	702.0	-231.77212955050038
653.3228	933.6630294096244	699.0	-234.66302940962441
654.1342	933.5554616420377	711.0	-222.5554616420377
654.9454	933.4494081582695	698.0	-235.44940815826953
655.7565	933.3448253629232	696.0	-237.3448253629232
656.5674	933.2416964312315	702.0	-231.2416964312315
657.3782	933.1399796992271	695.0	-238.13997969922707
658.1888	933.0396595185624	689.0	-244.03965951856242
658.9993	932.9406960438637	690.0	-242.94069604386368
659.8097	932.8430627544731	694.0	-238.84306275447307
660.6199	932.7467456112429	704.0	-228.7467456112429
661.43	932.6517072978545	691.0	-241.6517072978545
662.2399	932.5579347598297	692.0	-240.55793475982966
663.0497	932.4653922511268	697.0	-235.4653922511268
663.8594	932.3740564277854	696.0	-236.37405642778538
664.6689	932.2839155844805	686.0	-246.2839155844805
665.4783	932.1949361640533	688.0	-244.19493616405327
666.2875	932.1071072883119	688.0	-244.1071072883119
667.0966	932.0203967624107	689.0	-243.02039676241066
667.9055	931.934794480202	688.0	-243.93479448020196
668.7142	931.8502799209535	686.0	-245.85027992095354
669.5229	931.7668125429345	692.0	-239.76681254293453
670.3314	931.6843938161754	687.0	-244.68439381617543
671.1398	931.6029946361374	680.0	-251.6029946361374
671.9479	931.5226164940849	680.0	-251.5226164940849
672.756	931.443211519071	677.0	-254.44321151907104
673.564	931.3647722835661	680.0	-251.36477228356614
674.3718	931.2872912884243	682.0	-249.28729128842429
675.1794	931.2107515511595	676.0	-255.21075155115955
675.9869	931.1351271707106	671.0	-260.1351271707106
676.7943	931.0604022638533	677.0	-254.06040226385335
677.6014	930.9865794918413	676.0	-254.98657949184133
678.4085	930.9136160819719	674.0	-256.9136160819719
679.2155	930.8415064022513	667.0	-263.8415064022513
680.0222	930.7702535130552	661.0	-269.7702535130552
680.8289	930.6998165853969	655.0	-275.6998165853969
681.6354	930.6301992198786	664.0	-266.6301992198786
682.4417	930.5613875627183	669.0	-261.5613875627183
683.2479	930.4933596743055	657.0	-273.49335967430545
684.054	930.4261025834248	658.0	-272.42610258342484
684.8599	930.359611802672	657.0	-273.359611802672
685.6657	930.2938665260897	657.0	-273.2938665260897
686.4714	930.2288546029289	659.0	-271.2288546029289
687.2769	930.164572076847	664.0	-266.164572076847
688.0822	930.1010070466506	659.0	-271.1010070466506
688.8875	930.0381323335722	671.0	-259.0381323335722
689.6925	929.9759600821953	653.0	-276.97596008219534
690.4974	929.9144636769458	648.0	-281.91446367694584
