# Peakfit fitted function data
# Source: E:/VS_CODE/PCM_Fano/10nm_5L_peak.txt
# Parameters:
# iC=171400.0
# iD=100000.0
# ib=-0.08119415960931883
# ig0=4.359163230000393
# iq=-38.50325927034465
# ia=0.5431
# iL=12.0986
# N=1.4466800757725217e-05
# y0=557.0747808865665
#
# iw	y_model	y	residual
399.8611	564.6208706229482	566.0	1.379129377051754
400.7176	564.6741804564389	572.0	7.325819543561124
401.5739	564.7294214411886	572.0	7.270578558811394
402.43	564.7868521212938	571.0	6.213147878706195
403.286	564.8468093753237	567.0	2.153190624676313
404.1418	564.9097154441581	564.0	-0.9097154441581097
404.9976	564.9761558419549	572.0	7.023844158045108
405.8531	565.0468826985909	571.0	5.9531173014090655
406.7085	565.1229943778055	569.0	3.877005622194474
407.5637	565.2060378639871	567.0	1.7939621360128513
408.4188	565.2983323869996	562.0	-3.2983323869996184
409.2737	565.4034155080518	577.0	11.596584491948192
410.1285	565.5269455439914	574.0	8.47305445600864
410.9831	565.6781453924235	574.0	8.321854607576483
411.8376	565.8721386422241	571.0	5.1278613577759415
412.6919	566.1312785242833	571.0	4.868721475716711
413.5461	566.476003057282	573.0	6.523996942717986
414.4001	566.8876612321657	575.0	8.11233876783433
415.254	567.2805940511109	569.0	1.7194059488890616
416.1077	567.5561158667205	571.0	3.443884133279539
416.9612	567.6652150492991	573.0	5.3347849507008505
417.8146	567.6213922280865	576.0	8.378607771913494
418.6679	567.4921224603066	572.0	4.507877539693368
419.521	567.3751236743104	576.0	8.62487632568957
420.3739	567.3624466271583	576.0	8.637553372841694
421.2267	567.5050567023334	579.0	11.494943297666623
422.0794	567.7920641448376	571.0	3.207935855162418
422.9319	568.1536484047202	580.0	11.84635159527977
423.7842	568.4878683156735	573.0	4.512131684326505
424.6364	568.7013045758989	572.0	3.2986954241010835
425.4884	568.7475543327686	575.0	6.252445667231427
426.3403	568.6480327083584	579.0	10.351967291641586
427.192	568.4854948893459	575.0	6.514505110654113
428.0436	568.3718956316745	577.0	8.628104368325467
428.8951	568.402904128641	577.0	8.597095871358988
429.7463	568.6172706911773	575.0	6.382729308822718
430.5974	568.978695805539	581.0	12.021304194460981
431.4484	569.3885482609465	580.0	10.61145173905345
432.2992	569.7256009420548	579.0	9.274399057945175
433.1499	569.8972843212697	578.0	8.102715678730306
434.0004	569.8805223046486	578.0	8.119477695351407
434.8508	569.7344302796084	580.0	10.265569720391568
435.701	569.5776968758893	574.0	4.4223031241107265
436.5511	569.5388446870863	583.0	13.461155312913661
437.4009	569.6999781969205	578.0	8.300021803079517
438.2507	570.0586826719946	577.0	6.941317328005425
439.1003	570.5256649910531	579.0	8.474335008946923
439.9498	570.9616882835707	582.0	11.038311716429348
440.7991	571.2384987028137	576.0	4.761501297186328
441.6482	571.2979800511064	579.0	7.702019948893621
442.4972	571.1817032597546	587.0	15.818296740245387
443.3461	571.0159653889457	578.0	6.984034611054312
444.1948	570.9567091230786	581.0	10.043290876921446
445.0433	571.1176298181191	579.0	7.882370181880901
445.8917	571.5147827596626	585.0	13.48521724033742
446.74	572.0547135996378	577.0	4.945286400362193
447.588	572.5743837256111	582.0	9.425616274388858
448.436	572.9174250108524	579.0	6.082574989147588
449.2838	573.0102938277262	579.0	5.989706172273827
450.1314	572.90277829285	581.0	8.09722170714997
450.9789	572.749014487184	587.0	14.250985512815987
451.8262	572.7355637810776	595.0	22.264436218922356
452.6734	572.9890082400884	581.0	8.010991759911576
453.5204	573.5087707386363	579.0	5.491229261363742
454.3673	574.161429034976	582.0	7.838570965024019
455.2141	574.743260063874	583.0	8.256739936125996
456.0606	575.0833637329094	580.0	4.916636267090553
456.9071	575.1360161200215	583.0	7.863983879978491
457.7534	575.0113874638835	588.0	12.988612536116534
458.5995	574.9248945196734	581.0	6.075105480326556
459.4455	575.0858618967344	585.0	9.9141381032656
460.2913	575.582553035311	586.0	10.41744696468902
461.137	576.3269838630604	586.0	9.673016136939623
461.9825	577.0946293744777	591.0	13.905370625522323
462.8279	577.6445859995093	589.0	11.355414000490669
463.6731	577.8567308653452	589.0	11.143269134654815
464.5182	577.8088409437515	594.0	16.191159056248466
465.3631	577.7428842404536	590.0	12.257115759546423
466.2079	577.9318294062726	588.0	10.06817059372736
467.0525	578.5182876802407	599.0	20.481712319759254
467.8969	579.4205812246264	593.0	13.579418775373597
468.7413	580.3699798311847	595.0	14.63002016881535
469.5854	581.0660845941095	593.0	11.933915405890502
470.4294	581.3656714775224	597.0	15.634328522477631
471.2733	581.3842512866253	595.0	13.615748713374728
472.117	581.4393940214648	597.0	15.56060597853525
472.9606	581.8568213458855	594.0	12.143178654114536
473.804	582.7553939738814	598.0	15.244606026118618
474.6473	583.9542056780919	594.0	10.045794321908147
475.4904	585.0764346875198	597.0	11.92356531248015
476.3334	585.7987765427921	598.0	12.201223457207902
477.1762	586.0840394661659	598.0	11.915960533834095
478.0189	586.2303531284442	598.0	11.769646871555778
478.8614	586.6808569133353	601.0	14.319143086664667
479.7037	587.7094541642351	605.0	17.290545835764874
480.546	589.2051841528083	604.0	14.794815847191671
481.388	590.7287437837343	606.0	15.27125621626567
482.2299	591.8319151063574	604.0	12.168084893642572
483.0717	592.412839235205	603.0	10.587160764795044
483.9133	592.8298100459167	618.0	25.1701899540833
484.7548	593.6497020749566	615.0	21.350297925043378
485.5961	595.1966002344961	612.0	16.803399765503855
486.4373	597.2611020043028	617.0	19.738897995697243
487.2783	599.2413156510667	617.0	17.758684348933343
488.1192	600.6486088866095	618.0	17.35139111339049
488.9599	601.5661816603008	618.0	16.4338183396992
489.8004	602.6330792656219	626.0	23.36692073437814
490.6409	604.502569448035	625.0	20.497430551964953
491.4811	607.2236715337651	634.0	26.776328466234872
492.3213	610.1508155499132	633.0	22.849184450086796
493.1612	612.5425405271311	632.0	19.45745947286889
494.001	614.3413746782028	639.0	24.658625321797217
494.8407	616.3230566161443	648.0	31.6769433838557
495.6802	619.3616263940041	646.0	26.638373605995866
496.5196	623.4919897909249	645.0	21.50801020907511
497.3588	627.8171548750198	656.0	28.18284512498019
498.1979	631.5160642552671	654.0	22.48393574473289
499.0368	634.9042074013817	650.0	15.095792598618345
499.8756	639.2277208859443	663.0	23.772279114055664
500.7142	645.2294417830935	659.0	13.770558216906466
501.5527	652.1975132277411	662.0	9.80248677225893
502.391	658.9051500776233	663.0	4.0948499223767385
503.2292	665.4640357499642	691.0	25.535964250035818
504.0672	673.5048962313641	666.0	-7.504896231364114
504.9051	684.0924899946356	683.0	-1.0924899946355708
505.7428	696.275129059726	697.0	0.724870940273945
506.5804	708.8624846697256	697.0	-11.862484669725632
507.4178	723.0209033025669	714.0	-9.020903302566921
508.2551	741.1815698811497	734.0	-7.181569881149699
509.0923	763.6042537305764	745.0	-18.604253730576374
509.9292	789.067114626036	768.0	-21.06711462603596
510.7661	819.2956663057751	789.0	-30.295666305775057
511.6028	858.3583674762998	821.0	-37.358367476299804
512.4393	907.8358654388105	867.0	-40.835865438810515
513.2757	969.3873798172147	916.0	-53.38737981721465
514.1119	1050.5577741178352	985.0	-65.55777411783515
514.948	1160.6093786002564	1103.0	-57.60937860025638
515.7839	1310.5486558384398	1250.0	-60.5486558384398
516.6198	1523.5467506697603	1464.0	-59.546750669760286
517.4554	1833.3109707391018	1805.0	-28.310970739101776
518.2909	2286.782361049959	2304.0	17.217638950040964
519.1262	2923.3987892898313	3011.0	87.60121071016874
519.9614	3647.044173327653	3711.0	63.95582667234703
520.7965	4001.2461424368194	3905.0	-96.24614243681935
521.6314	3548.9347882122347	3530.0	-18.934788212234707
522.4661	2704.9505034280355	2773.0	68.04949657196448
523.3007	2003.469976718105	2049.0	45.530023281894955
524.1352	1540.3757477723916	1547.0	6.624252227608395
524.9695	1247.8633963943385	1228.0	-19.86339639433845
525.8036	1059.8474626692775	1047.0	-12.847462669277547
526.6377	934.8016998293945	907.0	-27.801699829394465
527.4716	848.6551321300235	844.0	-4.655132130023503
528.3052	787.3492203266001	771.0	-16.34922032660006
529.1388	742.4397886749151	740.0	-2.439788674915121
529.9722	708.72509111518	701.0	-7.725091115180021
530.8055	682.8631844191274	689.0	6.1368155808726215
531.6386	662.6552416612927	670.0	7.3447583387072655
532.4716	646.605328448143	656.0	9.394671551856959
533.3044	633.6770954919316	637.0	3.3229045080684045
534.1371	623.1308745011081	625.0	1.86912549889189
534.9696	614.4327592633438	622.0	7.567240736656231
535.802	607.1866344247312	612.0	4.81336557526879
536.6342	601.0970552118135	604.0	2.90294478818646
537.4663	595.9377632910914	607.0	11.062236708908586
538.2982	591.5354872065	593.0	1.4645127935000346
539.13	587.7539850389132	582.0	-5.7539850389132425
539.9617	584.486284182265	583.0	-1.486284182264967
540.7932	581.6474484640046	586.0	4.352551535995417
541.6245	579.1687863250762	582.0	2.831213674923788
542.4557	576.9943464440763	577.0	0.005653555923686326
543.2867	575.0789004243645	572.0	-3.0789004243645195
544.1177	573.3845662503093	569.0	-4.384566250309263
544.9484	571.880902204699	574.0	2.119097795300945
545.779	570.5416068710105	575.0	4.458393128989542
546.6095	569.3449708885006	560.0	-9.344970888500598
547.4398	568.2727975235689	563.0	-5.272797523568897
548.27	567.3094022615254	560.0	-7.309402261525406
549.1	566.441646432194	563.0	-3.441646432194034
549.9298	565.6581676790684	560.0	-5.658167679068356
550.7595	564.9491175356783	549.0	-15.949117535678283
551.5891	564.3060885229213	564.0	-0.30608852292129995
552.4185	563.721861651893	556.0	-7.72186165189305
553.2478	563.1900206247074	560.0	-3.1900206247073584
554.077	562.7050365692426	556.0	-6.705036569242566
554.9059	562.2621705987058	562.0	-0.2621705987057794
555.7348	561.8570046852527	553.0	-8.857004685252718
556.5635	561.4858934033047	551.0	-10.485893403304658
557.392	561.1455187728893	554.0	-7.145518772889318
558.2204	560.8329066274107	555.0	-5.8329066274106935
559.0486	560.5454907270249	554.0	-6.545490727024912
559.8768	560.2808879031754	549.0	-11.280887903175426
560.7047	560.037126241777	547.0	-13.037126241776946
561.5325	559.8122942835395	556.0	-3.8122942835394724
562.3602	559.6047387414226	553.0	-6.6047387414225796
563.1877	559.4129972820276	550.0	-9.412997282027618
564.015	559.2357291479291	544.0	-15.235729147929078
564.8422	559.0717070035636	548.0	-11.071707003563574
565.6693	558.9198442278323	550.0	-8.9198442278323
566.4962	558.7791741841659	550.0	-8.779174184165868
567.323	558.6487873497905	549.0	-9.648787349790496
568.1497	558.5278755260006	547.0	-11.527875526000571
568.9761	558.4157301697032	548.0	-10.415730169703238
569.8025	558.3116404070927	541.0	-17.311640407092682
570.6287	558.215021994334	549.0	-9.215021994334052
571.4547	558.1253159734524	543.0	-15.125315973452416
572.2806	558.042001764725	547.0	-11.042001764725
573.1063	557.9646229596652	543.0	-14.964622959665235
573.9319	557.8927426437411	543.0	-14.892742643741144
574.7574	557.8259694728179	543.0	-14.82596947281786
575.5827	557.763951139983	544.0	-13.763951139982964
576.4078	557.7063553900762	540.0	-17.70635539007617
577.2329	557.6528638805626	541.0	-16.652863880562563
578.0577	557.6032148455233	543.0	-14.603214845523325
578.8824	557.5571360967269	546.0	-11.557136096726936
579.707	557.5143886478422	545.0	-12.514388647842225
580.5315	557.474751542411	548.0	-9.474751542411013
581.3558	557.4380245900539	547.0	-10.438024590053942
582.1799	557.404017437016	544.0	-13.404017437016023
583.0039	557.3725499926887	544.0	-13.372549992688732
583.8278	557.3434594481172	545.0	-12.343459448117187
584.6514	557.3166008749279	540.0	-17.31660087492787
585.475	557.291823625685	543.0	-14.29182362568497
586.2984	557.2690030979385	550.0	-7.26900309793848
587.1216	557.2480170296526	545.0	-12.248017029652601
587.9448	557.2287470849312	545.0	-12.228747084931229
588.7677	557.2110944547599	542.0	-15.21109445475986
589.5905	557.1949558446358	548.0	-9.194955844635842
590.4132	557.1802393917154	546.0	-11.180239391715418
591.2357	557.1668608361985	553.0	-4.1668608361984525
592.0581	557.1547381292737	544.0	-13.15473812927371
592.8804	557.143796284755	549.0	-8.143796284755012
593.7025	557.1339662586339	551.0	-6.1339662586339045
594.5244	557.1251819706184	549.0	-8.125181970618428
595.3462	557.1173806369405	552.0	-5.117380636940538
596.1678	557.1105053665018	550.0	-7.110505366501798
596.9894	557.1045003953666	548.0	-9.104500395366586
597.8107	557.099317015656	549.0	-8.09931701565597
598.632	557.0949055385876	547.0	-10.094905538587568
599.453	557.0912226952396	541.0	-16.091222695239594
600.2739	557.0882252811267	543.0	-14.08822528112671
601.0947	557.0858737678666	547.0	-10.085873767866588
601.9153	557.0841311468392	550.0	-7.0841311468392405
602.7358	557.0829621090043	546.0	-11.082962109004256
603.5562	557.0823337151635	551.0	-6.082333715163486
604.3763	557.0822149077567	549.0	-8.08221490775668
605.1964	557.0825763250434	557.0	-0.08257632504341927
606.0163	557.0833903339064	547.0	-10.083390333906436
606.8361	557.0846309757217	555.0	-2.084630975721666
607.6557	557.0862735222618	552.0	-5.086273522261763
608.4752	557.0882949817683	552.0	-5.088294981768286
609.2945	557.0906732179902	551.0	-6.090673217990229
610.1136	557.093387499576	550.0	-7.093387499576011
610.9327	557.0964190259418	552.0	-5.096419025941827
611.7516	557.0997486665696	551.0	-6.099748666569553
612.5703	557.1033589322776	548.0	-9.103358932277615
613.3889	557.1072337806226	554.0	-3.1072337806225505
614.2073	557.1113571513597	553.0	-4.111357151359698
615.0257	557.1157153490104	552.0	-5.115715349010429
615.8438	557.1202928234078	553.0	-4.1202928234077945
616.6619	557.1250780445661	556.0	-1.1250780445660666
617.4797	557.1300567564806	553.0	-4.130056756480599
618.2974	557.1352183031526	555.0	-2.1352183031525556
619.115	557.1405515052531	542.0	-15.140551505253143
619.9324	557.1460450884679	550.0	-7.146045088467872
620.7498	557.1516903588777	553.0	-4.151690358877659
621.5669	557.1574757050698	554.0	-3.157475705069828
622.3839	557.1633934743008	550.0	-7.163393474300847
623.2007	557.1694343700862	550.0	-7.169434370086151
624.0175	557.175591763512	548.0	-9.175591763511989
624.834	557.1818556832325	550.0	-7.18185568323247
625.6505	557.1882211158767	548.0	-9.188221115876672
626.4667	557.1946787848557	550.0	-7.194678784855682
627.2828	557.2012236723789	554.0	-3.2012236723788874
628.0988	557.2078495473916	549.0	-8.207849547391561
628.9147	557.2145504949723	544.0	-13.214550494972286
629.7303	557.2213192317013	551.0	-6.221319231701273
630.5459	557.2281529050081	550.0	-7.2281529050080735
631.3613	557.2350447796779	549.0	-8.235044779677878
632.1766	557.2419908856001	545.0	-12.241990885600103
632.9917	557.2489857992737	554.0	-3.248985799273669
633.8067	557.2560260378332	551.0	-6.2560260378331805
634.6215	557.2631066157763	554.0	-3.263106615776337
635.4362	557.2702244879343	546.0	-11.270224487934343
636.2507	557.2773750640396	553.0	-4.277375064039575
637.0651	557.2845556924005	542.0	-15.284555692400545
637.8794	557.2917630264902	548.0	-9.29176302649023
638.6935	557.2989929980736	543.0	-14.298992998073572
639.5074	557.3062425804519	546.0	-11.306242580451908
640.3213	557.3135106885469	542.0	-15.313510688546899
